423 22311
1213 9337
2020 21449
2080 10130
2699 19713
4048 23466
4154 108
7142 6354
7637 24044
7944 5317
9268 5162
10307 10781
10889 12213
12554 19837
12579 4748
12854 11279
13753 7972
13780 23850
14742 23631
14893 5914
15428 4464
16117 20907
16444 12551
17573 23503
19214 23212
19475 23879
19684 5645
20224 3415
20931 21027
21178 9194
21268 3273
21286 3744
24646 15792
27796 1855
27875 21656
29224 14372
29278 21740
30466 7622
30466 12152
30902 15975
31746 2882
32596 16478
32738 18179
33117 15001
33223 19313
33235 20248
33249 22753
34240 17564
36580 10706
37585 2668
38122 20184
39489 19962
40375 14248
42814 10070
43778 10243
45905 8879
46386 13711
46667 19441
47424 20184
48052 9385
